Active_Hist_prod_not_found(306005276,1248946757,916293039);
Active_Hist_prod_not_found(439385752,1237015057,915897949);
Ban_Level_PP_does_not_exists(302095509,1204606147,895023277);
Ban_Level_PP_does_not_exists(435510724,1251147142,0);
Ban_Level_PP_does_not_exists(439941325,1242609897,0);
Ban_Level_PP_does_not_exists(440526450,1249593517,538976288);
ERROR_in_Bundle(300908064,1243522382,249041049);
ERROR_in_Bundle(300908064,1243522382,914017593);
ERROR_in_Bundle(311508605,1243437342,902874927);
ERROR_in_Bundle(418614734,1241732122,916101428);
ERROR_in_Bundle(433464074,1246343277,913804465);
ERROR_in_Bundle(440613332,1249472482,916316212);
ERROR_in_Bundle(440671105,1249932452,916336835);
GnDts_AddMonths(300291000,1250963642,916365794);
GnDts_AddMonths(300462525,1251521137,242098836);
GnDts_AddMonths(301009985,1250080792,916303850);
GnDts_AddMonths(308116995,1250345457,907814709);
GnDts_AddMonths(311639172,1250289157,909660113);
GnDts_AddMonths(311986173,1251520112,904468419);
GnDts_AddMonths(440625881,1250963687,916320267);
GnDts_AddMonths(440648833,1249747897,916328888);
IPV_Research_Needed(407801374,1246630097,916357088);
IPV_Research_Needed(410274623,1244360792,912120270);
IPV_Research_Needed(431418405,1242361022,915627547);
IPV_Research_Needed(434976042,1246519397,916389928);
IPV_Research_Needed(439211548,1236445467,915836259);
IPV_Research_Needed(440197086,1246069852,916176241);
IPV_with_no_pend_ord(307426997,1249108797,915328046);
IPV_with_no_pend_ord_prod_act(300087771,1241732127,349043764);
IPV_with_no_pend_ord_prod_act(300574683,1240656937,916030889);
IPV_with_no_pend_ord_prod_act(309794586,1246343292,899168644);
IPV_with_no_pend_ord_prod_act(309906674,1249688917,899118109);
IPV_with_no_pend_ord_prod_act(440420475,1250453537,916258387);
NS_Locked_by_Global_Update(300781628,1235270912,247043683);
NS_Locked_by_Global_Update(300854039,1230344437,916307510);
NS_Locked_by_Global_Update(306005276,1241787417,916293039);
NS_Locked_by_Global_Update(307458752,1237342112,897296539);
NS_Locked_by_Global_Update(307911687,1246552907,914460366);
NS_Locked_by_Global_Update(311102743,1238981117,903728969);
NS_Locked_by_Global_Update(311831425,1246030602,907904472);
NS_Locked_by_Global_Update(312021443,1237746692,916396014);
NS_Locked_by_Global_Update(418222912,1235980377,907936743);
NS_Locked_by_Global_Update(428531360,1222041857,915977730);
NS_Locked_by_Global_Update(431285653,1241902732,913025335);
NS_Locked_by_Global_Update(431418405,1228399902,915627547);
NS_Locked_by_Global_Update(432229000,1241811247,914183525);
NS_Locked_by_Global_Update(437892478,1238742022,915355124);
NS_Locked_by_Global_Update(437950515,1246292447,915390827);
NS_Locked_by_Global_Update(438170148,1237113807,915458604);
NS_Locked_by_Global_Update(438965069,1234981332,915749787);
NS_Locked_by_Global_Update(439117463,1237561352,916402822);
NS_Locked_by_Global_Update(439618152,1239006972,915977801);
NS_Locked_by_Global_Update(439746953,1241917452,916188265);
NS_Locked_by_Global_Update(440088802,1244142237,916139089);
NS_Locked_by_Global_Update(440133706,1243616707,916172293);
NS_Locked_by_Global_Update(440278799,1246295387,916213172);
NS_Locked_by_Global_Update(440390058,1248310847,916306140);
NS_Locked_by_Global_Update(440865201,1230014327,916406183);
No_Script_Sub_Market_Problem(300846421,1249479507,916007829);
No_Script_Sub_Market_Problem(320156985,1245996987,908706673);
No_Script_Sub_Market_Problem(320496824,1250235242,908818842);
No_basic_pp_found_for_product(311065660,1248586252,0);
OMS_BUNDLE_ORD_DEPEND_PK(310390407,1251363852,914295011);
Too_many_rows_in_cust_feature(300373485,1250360067,239044666);
Too_many_rows_in_cust_feature(300380956,1250361602,350409162);
Too_many_rows_in_cust_feature(300400633,1250359917,240006263);
aramAdjEnv(308111680,1251017397,916103528);
aramAdjEnv(309437175,1239292842,538976288);
aramAdjEnv(309626349,1248051112,909709632);
aramAdjEnv(440114043,1246028832,0);
aramAdjEnv(440448900,1248245527,0);
backdated_more_than_6_months(302204674,1194824822,914353627);
backdated_more_than_6_months(302304875,1195395267,914371669);
backdated_more_than_6_months(309449946,1195359382,914385958);
backdated_more_than_6_months(310141605,1195547392,914376398);
backdated_more_than_6_months(408683612,1131058452,912150893);
backdated_more_than_6_months(432229000,1189619002,914183525);
backdated_more_than_6_months(432634374,1191282882,914237404);
blbn_olnrc(300175660,1249275472,0);
blbn_olnrc(300368792,1251069612,911343108);
blbn_olnrc(300529016,1250010427,538976288);
blbn_olnrc(300582851,1250057117,538976288);
blbn_olnrc(301244714,1222776562,538976288);
blbn_olnrc(301293414,1250845027,264005678);
blbn_olnrc(301774324,1243634502,538976288);
blbn_olnrc(307739718,1251569172,896858429);
blbn_olnrc(307820782,1248489662,538976288);
blbn_olnrc(308416460,1252074927,897975100);
blbn_olnrc(309344888,1240473312,0);
blbn_olnrc(309404300,1249724437,538976288);
blbn_olnrc(309658429,1248500612,538976288);
blbn_olnrc(309755132,1248296297,538976288);
blbn_olnrc(309970837,1249208897,538976288);
blbn_olnrc(311037818,1249754557,538976288);
blbn_olnrc(311088737,1242351337,911008671);
blbn_olnrc(311724539,1250546837,538976288);
blbn_olnrc(313535930,1248983172,538976288);
blbn_olnrc(313984594,1250982202,538976288);
blbn_olnrc(314225551,1248919272,907714982);
blbn_olnrc(427826784,1249006867,911746862);
blbn_olnrc(434449942,1227389217,914132413);
blbn_olnrc(437410352,1216902782,0);
blbn_olnrc(438784617,1250987797,915687021);
blbn_olnrc(438822329,1250436597,538976288);
blbn_olnrc(438877971,1250467542,538976288);
blbn_olnrc(439182768,1249213207,0);
blbn_olnrc(439649433,1249314097,538976288);
blbn_olnrc(439829839,1250599337,916048847);
blbn_olnrc(439833517,1251070902,0);
blbn_olnrc(440039427,1251365837,916120072);
blbn_olnrc(440078720,1250502397,538976288);
blbn_olnrc(440201038,1251040822,916177411);
blbn_olnrc(440411930,1250171372,916248241);
blbn_olnrc(440431092,1249493492,538976288);
blbn_olnrc(440473229,1249448087,538976288);
blbn_olnrc(440501440,1251082222,916277559);
blbn_olnrc(440512158,1249929872,538976288);
blbn_olnrc(440546385,1250453752,538976288);
blbn_olnrc(440572138,1251085867,0);
blbn_olnrc(440576187,1251485992,916303183);
correct_sa_mode(301344679,1251051577,265076075);
correct_sa_mode(307458752,1251080307,897296539);
correct_sa_mode(427622562,1251524862,915127846);
correct_sa_mode(440690857,1250120562,916344353);
create_pending_prod(311234696,1251049137,916383429);
create_pending_prod(439709538,1251578197,916405105);
csCnclProd_Failed(418862529,1180770407,912439906);
csCnclProd_Failed(435176864,1240543237,914393678);
csRsCanCtn(439454609,1248922642,538976288);
csRsCanCtn(439454609,1249460082,538976288);
dcs_gt_cnt_BanDisc(408010404,1217047742,898235284);
dcs_up_ftr_lcycl(311249536,1252500602,903046782);
dom_gt_curver_omprod(308206381,1250411672,897195236);
dom_gt_curver_omprod(311054107,1251753497,903351198);
dom_gt_curver_omprod(311540568,1252494727,903959665);
dom_gt_curver_omprod(312034386,1253397252,902903324);
dom_gt_curver_omprod(433028418,1250520302,913677951);
fix_msag_address(307313657,1243902457,897717667);
fix_msag_address(307313657,1249662247,897718071);
fix_msag_address(311002248,1251554897,902811752);
fix_msag_address(311454806,1251569407,902826574);
fix_msag_address(311705241,1233312057,903085232);
fix_msag_address(311962164,1223022222,904420071);
fix_msag_address(311962164,1227469742,904420839);
fix_msag_address(311962164,1233534487,904417049);
fix_msag_address(311962164,1233534767,904417513);
fix_msag_address(312060984,1234611992,903336068);
fix_msag_address(312248512,1217971427,904370781);
fix_msag_address(312248512,1230413747,904370546);
fix_msag_address(313274015,1233355202,906713256);
fix_msag_address(313290175,1246280387,906392618);
fix_msag_address(313769642,1249709352,905380785);
fix_msag_address(313948302,1239633702,907318835);
fix_msag_address(314191074,1232641497,906564957);
fix_msag_address(314191074,1232641507,906564975);
fix_msag_address(314204410,1235622207,905910031);
insert_into_history(309729176,1252356907,900092832);
insert_into_history(313199371,1250789052,906108660);
insert_into_history(313573864,1251614152,906874862);
insert_into_history(431285653,1251124962,913025335);
insert_into_history(431523049,1251596107,916400081);
insert_into_history(440514398,1248740787,916282914);
insert_into_history(440616948,1250982492,916317379);
insert_into_history(440713899,1251608352,916353751);
insert_into_history(440734952,1251585177,916360359);
insert_into_history(440769306,1251126542,916372085);
original_plan_was_not_found(301709576,1250149777,0);
original_plan_was_not_found(308449603,1251606057,0);
pcs_handle_move_deposit(407839481,1229396462,910472991);
pcs_handle_move_deposit(436890156,1235088582,914989021);
pcs_handle_om_olp(314222735,1241755292,916102893);
pp_not_found_doesnt_exists(301308598,1250163497,264050394);
pp_not_found_doesnt_exists(311382985,1251669642,904408258);
pp_not_found_product_cancelled(313061292,1249890052,907212591);
pp_not_found_research(301337351,1250888142,914251372);
pp_not_found_research(301417203,1250927057,911647636);
pp_not_found_research(302481702,1251489222,888021046);
pp_not_found_research(307006616,1251475267,538976288);
pp_not_found_research(310444338,1246574222,538976288);
pp_not_found_research(311102734,1251932892,538976288);
pp_not_found_research(311380399,1252584587,901902714);
pp_not_found_research(311959196,1253365327,903524983);
pp_not_found_research(431196713,1250929332,912986659);
pp_not_found_research(433653813,1250454547,0);
pp_not_found_research(434497702,1251086412,914149843);
pp_not_found_research(435968271,1250904892,914674594);
pp_not_found_research(437986006,1250743752,915402185);
unexpire_active_pp(300615010,1251529717,244114368);
unexpire_active_pp(301429339,1250290612,916149927);
unexpire_active_pp(310194567,1250535757,899271101);
unexpire_active_pp(311070947,1251376642,903131659);
unexpire_active_pp(311431428,1251682957,903370357);
unexpire_active_pp(312037163,1253460312,903300870);
unexpire_active_pp(437609679,1251428327,915250223);
unknown(300152638,1251003137,225010260);
unknown(300291000,1250565282,916365795);
unknown(301842191,1243631842,0);
unknown(301888490,1250887167,909878181);
unknown(305023575,1249022207,538976288);
unknown(307550922,1251624477,897301829);
unknown(308101285,1249308882,896389001);
unknown(308135599,1250266882,916018823);
unknown(309400759,1246809257,900006616);
unknown(310444338,1250697252,538976288);
unknown(311066947,1250584847,915847220);
unknown(311301207,1250536137,903385414);
unknown(311834108,1252058672,901976987);
unknown(312256290,1251037202,538976288);
unknown(314119774,1250507222,906064038);
unknown(314287332,1249754177,538976288);
unknown(418614734,1241732132,916101561);
unknown(422040477,1236999932,913477620);
unknown(422248808,1249211737,538976288);
unknown(429584945,1237392732,915974498);
unknown(431297453,1241735692,915473003);
unknown(438402376,1250773797,915542415);
unknown(439454609,1244529487,0);
unknown(439454609,1248948642,0);
unknown(439454609,1249289337,0);
unknown(439785370,1246611637,538976288);
unknown(439928351,1248563087,916081200);
unknown(439943623,1251339197,916087055);
unknown(440024179,1249821997,538976288);
unknown(440058680,1249463532,538976288);
unknown(440191400,1250730247,916173156);
unknown(440227878,1250539522,916187160);
unknown(440241638,1250215582,916191947);
unknown(440251152,1246578337,538976288);
unknown(440354474,1249077562,538976288);
unknown(440412055,1249513412,538976288);
unknown(440500438,1249897432,538976288);
unknown(440570487,1250817667,916301529);
unknown(440579191,1250998912,538976288);
unknown(440619203,1251490332,538976288);
unknown(440693952,1251368782,538976288);
unknown(440703228,1251061027,916350077);
unknown(440725928,1251456917,916357084);
unknown(440742918,1251599092,538976288);
unknown(440743431,1251509322,916363105);
unknown(440752216,1251041902,916366031);
year_must_be_between(300302263,1230787367,911663119);
year_must_be_between(300548304,1236365297,0);
year_must_be_between(437388217,1230788212,915178514);
