Active_Hist_prod_not_found(439385752,1237015057,915897949);
Ban_Level_PP_does_not_exists(302095509,1204606147,895023277);
Ban_Level_PP_does_not_exists(439941325,1242609897,0);
Ban_Level_PP_does_not_exists(440526450,1249593517,0);
ERROR_in_Bundle(301009985,1249203067,916303850);
ERROR_in_Bundle(311508605,1243437342,916136539);
ERROR_in_Bundle(311508605,1243437342,916136539);
ERROR_in_Bundle(418614734,1241732122,916101428);
ERROR_in_Bundle(418614734,1241732127,916101428);
ERROR_in_Bundle(418614734,1241732132,916101428);
ERROR_in_Bundle(434637804,1249629692,914312091);
ERROR_in_Bundle(439997172,1241794347,916105088);
ERROR_in_Bundle(440269765,1245507632,916201159);
ERROR_in_Bundle(440302632,1245797547,916215204);
ERROR_in_Bundle(440459425,1248310847,916264040);
ERROR_in_Bundle(440616722,1249489282,916317238);
ERROR_in_Bundle(440628351,1249562547,916321174);
ERROR_in_Bundle(440631038,1249576652,916322100);
ERROR_in_Bundle(440651532,1249767397,916329888);
GnDts_AddMonths(300291000,1250963642,916365794);
GnDts_AddMonths(301009985,1250080792,916303850);
GnDts_AddMonths(301891900,1250472602,350031614);
GnDts_AddMonths(308116995,1250345457,907814709);
GnDts_AddMonths(311639172,1250289157,909660113);
IPV_Research_Needed(440136538,1236445467,916155249);
IPV_with_no_pend_ord(307426997,1249108797,915328046);
IPV_with_no_pend_ord_prod_act(300066287,1249629922,909615856);
IPV_with_no_pend_ord_prod_act(300220733,1249630067,912293544);
IPV_with_no_pend_ord_prod_act(313314545,1240261902,916368262);
IPV_with_no_pend_ord_prod_act(426735420,1235534402,911372351);
IPV_with_no_pend_ord_prod_act(432386395,1248016202,913432967);
IPV_with_no_pend_ord_prod_act(440710294,1250266882,916352597);
NS_Locked_by_Global_Update(300043498,1230014327,916225390);
NS_Locked_by_Global_Update(300805098,1235270912,901035058);
NS_Locked_by_Global_Update(301076730,1234110447,908394355);
NS_Locked_by_Global_Update(307316423,1241787417,901609129);
NS_Locked_by_Global_Update(307623516,1230344437,896193600);
NS_Locked_by_Global_Update(308032143,1237342112,897727784);
NS_Locked_by_Global_Update(308371383,1246030602,897268369);
NS_Locked_by_Global_Update(311434527,1238981117,908318190);
NS_Locked_by_Global_Update(312038815,1237746692,904304420);
NS_Locked_by_Global_Update(429533911,1222041857,915215970);
NS_Locked_by_Global_Update(431418405,1228399902,915627547);
NS_Locked_by_Global_Update(432737936,1241902732,913551344);
NS_Locked_by_Global_Update(436013666,1246552907,914689334);
NS_Locked_by_Global_Update(437211146,1245447182,915104842);
NS_Locked_by_Global_Update(437616612,1241811247,915254875);
NS_Locked_by_Global_Update(437949772,1238742022,915390823);
NS_Locked_by_Global_Update(438236534,1246292447,916348025);
NS_Locked_by_Global_Update(438240869,1237113807,915489924);
NS_Locked_by_Global_Update(438794813,1235980377,915686736);
NS_Locked_by_Global_Update(438834005,1237561352,915700817);
NS_Locked_by_Global_Update(439196311,1239006972,916367862);
NS_Locked_by_Global_Update(439246583,1234981332,915917908);
NS_Locked_by_Global_Update(439851359,1241917452,916288860);
NS_Locked_by_Global_Update(440082088,1244142237,916136786);
NS_Locked_by_Global_Update(440121859,1243616707,916150510);
NS_Product_must_be_active(314071874,1251155002,906552498);
No_Script_Sub_Market_Problem(300846421,1249479507,916007829);
No_Script_Sub_Market_Problem(320156985,1245996987,908706673);
No_Script_Sub_Market_Problem(320496824,1250235242,908818842);
No_basic_pp_found_for_product(311065660,1248586252,0);
OMS_BUNDLE_ORD_DEPEND_PK(311960058,1251278687,902092082);
Too_many_rows_in_cust_feature(300373485,1250360067,239044666);
Too_many_rows_in_cust_feature(300380956,1250361602,350409162);
Too_many_rows_in_cust_feature(300400633,1250359917,240006263);
aramAdjEnv(308111680,1251017397,916103528);
aramAdjEnv(309437175,1239292842,538976288);
aramAdjEnv(309626349,1248051112,909709632);
aramAdjEnv(440114043,1246028832,0);
aramAdjEnv(440448900,1248245527,0);
backdated_more_than_6_months(302204674,1194824822,914353627);
backdated_more_than_6_months(302304875,1195395267,914371669);
backdated_more_than_6_months(310141605,1195547392,914376398);
backdated_more_than_6_months(408683612,1131058452,912150893);
backdated_more_than_6_months(432229000,1189619002,914183525);
backdated_more_than_6_months(432634374,1191282882,914237404);
blbn_olnrc(300152638,1251003137,225010260);
blbn_olnrc(300175660,1249275472,0);
blbn_olnrc(300368792,1251069612,911343108);
blbn_olnrc(300529016,1250010427,538976288);
blbn_olnrc(301244714,1222776562,538976288);
blbn_olnrc(301293414,1250845027,264005678);
blbn_olnrc(301774324,1243634502,538976288);
blbn_olnrc(301892854,1251371117,281079602);
blbn_olnrc(301931457,1251099237,282017873);
blbn_olnrc(305023575,1249022207,538976288);
blbn_olnrc(307785750,1251321117,897967522);
blbn_olnrc(307820782,1248489662,538976288);
blbn_olnrc(309344888,1240473312,0);
blbn_olnrc(309404300,1249724437,538976288);
blbn_olnrc(309658429,1248500612,538976288);
blbn_olnrc(309755132,1248296297,538976288);
blbn_olnrc(309970837,1249208897,538976288);
blbn_olnrc(311037818,1249754557,538976288);
blbn_olnrc(311088737,1242351337,911008671);
blbn_olnrc(311312529,1251359867,902874210);
blbn_olnrc(311724539,1250546837,538976288);
blbn_olnrc(312256290,1251037202,538976288);
blbn_olnrc(313440874,1251301742,906309739);
blbn_olnrc(313535930,1248983172,538976288);
blbn_olnrc(313984594,1250982202,538976288);
blbn_olnrc(314287332,1249754177,538976288);
blbn_olnrc(422248808,1249211737,538976288);
blbn_olnrc(434449942,1227389217,914132413);
blbn_olnrc(435393130,1251358667,914471877);
blbn_olnrc(437410352,1216902782,0);
blbn_olnrc(438784617,1250987797,915687021);
blbn_olnrc(438794846,1250540052,915686330);
blbn_olnrc(438822329,1250436597,538976288);
blbn_olnrc(438877971,1250467542,538976288);
blbn_olnrc(439649433,1249314097,538976288);
blbn_olnrc(439785370,1246611637,538976288);
blbn_olnrc(439833517,1251070902,0);
blbn_olnrc(440078720,1250502397,538976288);
blbn_olnrc(440201038,1251040822,916177411);
blbn_olnrc(440240013,1251145767,916191288);
blbn_olnrc(440354474,1249077562,538976288);
blbn_olnrc(440359139,1251141252,916230981);
blbn_olnrc(440365831,1251278367,916233178);
blbn_olnrc(440436644,1250999177,916256339);
blbn_olnrc(440473229,1249448087,538976288);
blbn_olnrc(440500438,1249897432,538976288);
blbn_olnrc(440501440,1251082222,916277559);
blbn_olnrc(440512158,1249929872,538976288);
blbn_olnrc(440546385,1250453752,538976288);
blbn_olnrc(440572138,1251085867,0);
blbn_olnrc(440693952,1251368782,538976288);
blbn_olnrc(440703228,1251061027,916350077);
correct_sa_mode(301344679,1251051577,265076075);
correct_sa_mode(311387315,1251117532,903381450);
correct_sa_mode(440690857,1250120562,916344353);
create_pending_prod(439007915,1251310307,916392655);
create_pending_prod(439405382,1251353602,916394845);
csCnclProd_Failed(313346401,1251031922,914877619);
csCnclProd_Failed(418862529,1180770407,912439906);
csCnclProd_Failed(435176864,1240543237,914393678);
dcs_gt_cnt_BanDisc(408010404,1217047742,898235284);
dom_gt_curver_omprod(433028418,1250520302,913677951);
fix_msag_address(307313657,1243902457,897717667);
fix_msag_address(307313657,1249662247,897718071);
fix_msag_address(311705241,1233312057,903085232);
fix_msag_address(311962164,1223022222,904420071);
fix_msag_address(311962164,1227469742,904420839);
fix_msag_address(311962164,1233534487,904417049);
fix_msag_address(311962164,1233534767,904417513);
fix_msag_address(312060984,1234611992,903336068);
fix_msag_address(312248512,1217971427,904370781);
fix_msag_address(312248512,1230413747,904370546);
fix_msag_address(313274015,1233355202,906713256);
fix_msag_address(313290175,1246280387,906392618);
fix_msag_address(313769642,1249709352,905380785);
fix_msag_address(313948302,1239633702,907318835);
fix_msag_address(314191074,1232641497,906564957);
fix_msag_address(314191074,1232641507,906564975);
fix_msag_address(314204410,1235622207,905910031);
insert_into_history(312144666,1249679552,902917176);
insert_into_history(313199371,1250789052,906108660);
insert_into_history(314101257,1250740612,907603236);
insert_into_history(431285653,1251124962,913025335);
insert_into_history(440625881,1250963687,916320267);
insert_into_history(440701486,1250602632,916349563);
insert_into_history(440752216,1251041902,916366031);
original_plan_was_not_found(301709576,1250149777,0);
pcs_handle_move_deposit(407839481,1229396462,910472991);
pcs_handle_move_deposit(436890156,1235088582,914989021);
pcs_handle_om_olp(314222735,1241755292,916102893);
pp_not_found_product_cancelled(313061292,1249890052,907212591);
pp_not_found_research(301337351,1250888142,914251372);
pp_not_found_research(301417203,1250927057,911647636);
pp_not_found_research(308356269,1250733942,0);
pp_not_found_research(310444338,1246574222,538976288);
pp_not_found_research(310444338,1250697252,538976288);
pp_not_found_research(431196713,1250929332,912986659);
pp_not_found_research(433653813,1250454547,0);
pp_not_found_research(434497702,1251086412,914149843);
pp_not_found_research(435968271,1250904892,914674594);
pp_not_found_research(437986006,1250743752,915402185);
unexpire_active_pp(301429339,1250290612,916149927);
unknown(300291000,1250565282,916365795);
unknown(300582851,1250057117,538976288);
unknown(301079981,1246492242,257004212);
unknown(301842191,1243631842,0);
unknown(301886363,1250453537,915726804);
unknown(301888490,1250887167,909878181);
unknown(308101285,1249308882,896389001);
unknown(309400759,1246809257,900006616);
unknown(311066947,1250584847,915847220);
unknown(311234696,1251049137,916383429);
unknown(311301207,1250536137,903385414);
unknown(311417975,1250748477,904227187);
unknown(411251491,1248024592,538976288);
unknown(422040477,1236999932,913477620);
unknown(429584945,1237392732,915974498);
unknown(431297453,1241735692,915473003);
unknown(438402376,1250773797,915542415);
unknown(439928351,1248563087,916081200);
unknown(440024179,1249821997,538976288);
unknown(440058680,1249463532,538976288);
unknown(440191400,1250730247,916173156);
unknown(440227878,1250539522,916187160);
unknown(440241638,1250215582,916191947);
unknown(440251152,1246578337,538976288);
unknown(440392209,1250863437,538976288);
unknown(440412055,1249513412,538976288);
unknown(440431092,1249493492,538976288);
year_must_be_between(300302263,1230787367,911663119);
year_must_be_between(300548304,1236365297,0);
year_must_be_between(437388217,1230788212,915178514);
