ERROR_in_Bundle(308375643,1246030602,915680639);
ERROR_in_Bundle(308375643,1248898792,915680639);
ERROR_in_Bundle(418614734,1241730702,916101428);
ERROR_in_Bundle(439385752,1235090142,915897838);
IPV_Research_Needed(440086457,1241735407,916138168);
IPV_with_no_pend_ord_prod_act(439846396,1242122562,916054341);
NS_Locked_by_Global_Update(424602380,1239197317,914389492);
correct_sa_mode(439922093,1240389237,916079200);
dcs_gt_cnt_BanDisc(310251507,1245731102,916211300);
dcs_gt_cnt_BanDisc(311709408,1248501237,903224336);
unexpire_active_pp(313893085,1238760647,911784856);
