ERROR_in_Bundle(309373902,1227834337,915606678);
ERROR_in_Bundle(309875724,1243512157,899218286);
IPV_with_no_pend_ord_prod_act(311585152,1244022632,903858734);
IPV_with_no_pend_ord_prod_act(438625239,1227834337,915624428);
Key_not_found_for_Discount(311591686,1248251417,903683153);
Key_not_found_for_Discount(428144792,1248355492,911864037);
NS_Locked_by_Global_Update(301076730,1234110447,908394355);
NS_Locked_by_Global_Update(307361280,1241787417,896593560);
blbn_olnrc(307820782,1248489662,896902494);
blbn_olnrc(309344888,1240473312,916083630);
